1 6
1 6
1 6
1 6
1 6
1 6
1 6
1 6
1 6
1 6
1 7
1 7
1 7
1 7
1 7
1 7
1 7
1 7
1 7
1 7
1 8
1 8
1 8
1 8
1 8
1 8
1 8
1 8
1 8
1 8
1 9
1 9
1 9
1 9
1 9
1 9
1 9
1 9
1 9
1 9
1 10
1 10
1 10
1 10
1 10
1 10
1 10
1 10
1 10
1 10
1 11
1 11
1 11
1 11
1 11
1 11
1 11
1 11
1 11
1 11
2 6
2 6
2 6
2 6
2 6
2 6
2 6
2 6
2 6
2 6
2 7
2 7
2 7
2 7
2 7
2 7
2 7
2 7
2 7
2 7
2 8
2 8
2 8
2 8
2 8
2 8
2 8
2 8
2 8
2 8
2 9
2 9
2 9
2 9
2 9
2 9
2 9
2 9
2 9
2 9
2 10
2 10
2 10
2 10
2 10
2 10
2 10
2 10
2 10
2 10
2 11
2 11
2 11
2 11
2 11
2 11
2 11
2 11
2 11
2 11
