1 40
1 40
1 40
1 40
1 40
1 40
1 40
1 40
1 40
1 40
1 56
1 56
1 56
1 56
1 56
1 56
1 56
1 56
1 56
1 56
1 64
1 64
1 64
1 64
1 64
1 64
1 64
1 64
1 64
1 64
1 68
1 68
1 68
1 68
1 68
1 68
1 68
1 68
1 68
1 68
1 72
1 72
1 72
1 72
1 72
1 72
1 72
1 72
1 72
1 72
1 76
1 76
1 76
1 76
1 76
1 76
1 76
1 76
1 76
1 76
1 80
1 80
1 80
1 80
1 80
1 80
1 80
1 80
1 80
1 80
2 32
2 32
2 32
2 32
2 32
2 32
2 32
2 32
2 32
2 32
2 36
2 36
2 36
2 36
2 36
2 36
2 36
2 36
2 36
2 36
2 40
2 40
2 40
2 40
2 40
2 40
2 40
2 40
2 40
2 40
2 44
2 44
2 44
2 44
2 44
2 44
2 44
2 44
2 44
2 44
2 48
2 48
2 48
2 48
2 48
2 48
2 48
2 48
2 48
2 48
2 52
2 52
2 52
2 52
2 52
2 52
2 52
2 52
2 52
2 52
3 6
3 6
3 6
3 6
3 6
3 6
3 6
3 7
3 7
3 7
3 7
3 7
3 7
3 7
3 7
3 7
3 7
3 8
3 8
3 8
3 8
3 8
3 8
3 8
3 8
3 8
3 8
3 9
3 9
3 9
3 9
3 9
3 9
3 9
3 9
3 9
3 9
3 10
3 10
3 10
3 10
3 10
3 10
3 10
3 10
3 10
3 10
3 11
3 11
3 11
3 11
3 11
3 11
3 11
3 11
3 11
3 11
4 3
4 3
4 3
4 3
4 3
4 3
4 3
4 3
4 3
4 3
4 4
4 4
4 4
4 4
4 4
4 4
4 4
4 4
4 4
4 4
4 5
4 5
4 5
4 5
4 5
4 5
4 5
4 5
4 5
4 5
