1 4
1 4
1 4
1 4
1 4
1 4
1 4
1 4
1 4
1 4
2 4
2 4
2 4
2 4
2 4
2 4
2 4
2 4
2 4
2 4
3 4
3 4
3 4
3 4
3 4
3 4
3 4
3 4
3 4
3 4
4 4
4 4
4 4
4 4
4 4
4 4
4 4
4 4
4 4
4 4
1 5
1 5
1 5
1 5
1 5
1 5
1 5
1 5
1 5
1 5
2 5
2 5
2 5
2 5
2 5
2 5
2 5
2 5
2 5
2 5
3 5
3 5
3 5
3 5
3 5
3 5
3 5
3 5
3 5
3 5
4 5
4 5
4 5
4 5
4 5
4 5
4 5
4 5
4 5
4 5
1 6
1 6
1 6
1 6
1 6
1 6
1 6
1 6
1 6
1 6
2 6
2 6
2 6
2 6
2 6
2 6
2 6
2 6
2 6
2 6
3 6
3 6
3 6
3 6
3 6
3 6
3 6
3 6
3 6
3 6
4 6
4 6
4 6
4 6
4 6
4 6
4 6
4 6
4 6
4 6
1 7
1 7
1 7
1 7
1 7
1 7
1 7
1 7
1 7
1 7
2 7
2 7
2 7
2 7
2 7
2 7
2 7
2 7
2 7
2 7
3 7
3 7
3 7
3 7
3 7
3 7
3 7
3 7
3 7
3 7
4 7
4 7
4 7
4 7
4 7
4 7
4 7
4 7
4 7
4 7
1 8
1 8
1 8
1 8
1 8
1 8
1 8
1 8
1 8
1 8
2 8
2 8
2 8
2 8
2 8
2 8
2 8
2 8
2 8
2 8
3 8
3 8
3 8
3 8
3 8
3 8
3 8
3 8
3 8
3 8
4 8
4 8
4 8
4 8
4 8
4 8
4 8
4 8
4 8
4 8
1 9
1 9
1 9
1 9
1 9
1 9
1 9
1 9
1 9
1 9
2 9
2 9
2 9
2 9
2 9
2 9
2 9
2 9
2 9
2 9
3 9
3 9
3 9
3 9
3 9
3 9
3 9
3 9
3 9
3 9
4 9
4 9
4 9
4 9
4 9
4 9
4 9
4 9
4 9
4 9
1 10
1 10
1 10
1 10
1 10
1 10
1 10
1 10
1 10
1 10
2 10
2 10
2 10
2 10
2 10
2 10
2 10
2 10
2 10
2 10
3 10
3 10
3 10
3 10
3 10
3 10
3 10
3 10
3 10
3 10
4 10
4 10
4 10
4 10
4 10
4 10
4 10
4 10
4 10
4 10
1 11
1 11
1 11
1 11
1 11
1 11
1 11
1 11
1 11
1 11
2 11
2 11
2 11
2 11
2 11
2 11
2 11
2 11
2 11
2 11
3 11
3 11
3 11
3 11
3 11
3 11
3 11
3 11
3 11
3 11
4 11
4 11
4 11
4 11
4 11
4 11
4 11
4 11
4 11
4 11
1 12
1 12
1 12
1 12
1 12
1 12
1 12
1 12
1 12
1 12
2 12
2 12
2 12
2 12
2 12
2 12
2 12
2 12
2 12
2 12
3 12
3 12
3 12
3 12
3 12
3 12
3 12
3 12
3 12
3 12
4 12
4 12
4 12
4 12
4 12
4 12
4 12
4 12
4 12
4 12
1 20
1 20
1 20
1 20
1 20
1 20
1 20
1 20
1 20
1 20
2 20
2 20
2 20
2 20
2 20
2 20
2 20
2 20
2 20
2 20
3 20
3 20
3 20
3 20
3 20
3 20
3 20
3 20
3 20
3 20
4 20
4 20
4 20
4 20
4 20
4 20
4 20
4 20
4 20
4 20
1 28
1 28
1 28
1 28
1 28
1 28
1 28
1 28
1 28
1 28
2 28
2 28
2 28
2 28
2 28
2 28
2 28
2 28
2 28
2 28
3 28
3 28
3 28
3 28
3 28
3 28
3 28
3 28
3 28
3 28
4 28
4 28
4 28
4 28
4 28
4 28
4 28
4 28
4 28
4 28
1 36
1 36
1 36
1 36
1 36
1 36
1 36
1 36
1 36
1 36
2 36
2 36
2 36
2 36
2 36
2 36
2 36
2 36
2 36
2 36
3 36
3 36
3 36
3 36
3 36
3 36
3 36
3 36
3 36
3 36
4 36
4 36
4 36
4 36
4 36
4 36
4 36
4 36
4 36
4 36
1 44
1 44
1 44
1 44
1 44
1 44
1 44
1 44
1 44
1 44
2 44
2 44
2 44
2 44
2 44
2 44
2 44
2 44
2 44
2 44
3 44
3 44
3 44
3 44
3 44
3 44
3 44
3 44
3 44
3 44
4 44
4 44
4 44
4 44
4 44
4 44
4 44
4 44
4 44
4 44
1 52
1 52
1 52
1 52
1 52
1 52
1 52
1 52
1 52
1 52
2 52
2 52
2 52
2 52
2 52
2 52
2 52
2 52
2 52
2 52
3 52
3 52
3 52
3 52
3 52
3 52
3 52
3 52
3 52
3 52
4 52
4 52
4 52
4 52
4 52
4 52
4 52
4 52
4 52
4 52
1 60
1 60
1 60
1 60
1 60
1 60
1 60
1 60
1 60
1 60
2 60
2 60
2 60
2 60
2 60
2 60
2 60
2 60
2 60
2 60
3 60
3 60
3 60
3 60
3 60
3 60
3 60
3 60
3 60
3 60
4 60
4 60
4 60
4 60
4 60
4 60
4 60
4 60
4 60
4 60
1 68
1 68
1 68
1 68
1 68
1 68
1 68
1 68
1 68
1 68
2 68
2 68
2 68
2 68
2 68
2 68
2 68
2 68
2 68
2 68
3 68
3 68
3 68
3 68
3 68
3 68
3 68
3 68
3 68
3 68
4 68
4 68
4 68
4 68
4 68
4 68
4 68
4 68
4 68
4 68
1 76
1 76
1 76
1 76
1 76
1 76
1 76
1 76
1 76
1 76
2 76
2 76
2 76
2 76
2 76
2 76
2 76
2 76
2 76
2 76
3 76
3 76
3 76
3 76
3 76
3 76
3 76
3 76
3 76
3 76
4 76
4 76
4 76
4 76
4 76
4 76
4 76
4 76
4 76
4 76
1 84
1 84
1 84
1 84
1 84
1 84
1 84
1 84
1 84
1 84
2 84
2 84
2 84
2 84
2 84
2 84
2 84
2 84
2 84
2 84
3 84
3 84
3 84
3 84
3 84
3 84
3 84
3 84
3 84
3 84
4 84
4 84
4 84
4 84
4 84
4 84
4 84
4 84
4 84
4 84
1 92
1 92
1 92
1 92
1 92
1 92
1 92
1 92
1 92
1 92
2 92
2 92
2 92
2 92
2 92
2 92
2 92
2 92
2 92
2 92
3 92
3 92
3 92
3 92
3 92
3 92
3 92
3 92
3 92
3 92
4 92
4 92
4 92
4 92
4 92
4 92
4 92
4 92
4 92
4 92
1 100
1 100
1 100
1 100
1 100
1 100
1 100
1 100
1 100
1 100
2 100
2 100
2 100
2 100
2 100
2 100
2 100
2 100
2 100
2 100
3 100
3 100
3 100
3 100
3 100
3 100
3 100
3 100
3 100
3 100
4 100
4 100
4 100
4 100
4 100
4 100
4 100
4 100
4 100
4 100
1 108
1 108
1 108
1 108
1 108
1 108
1 108
1 108
1 108
1 108
2 108
2 108
2 108
2 108
2 108
2 108
2 108
2 108
2 108
2 108
3 108
3 108
3 108
3 108
3 108
3 108
3 108
3 108
3 108
3 108
4 108
4 108
4 108
4 108
4 108
4 108
4 108
4 108
4 108
4 108
1 116
1 116
1 116
1 116
1 116
1 116
1 116
1 116
1 116
1 116
2 116
2 116
2 116
2 116
2 116
2 116
2 116
2 116
2 116
2 116
3 116
3 116
3 116
3 116
3 116
3 116
3 116
3 116
3 116
3 116
4 116
4 116
4 116
4 116
4 116
4 116
4 116
4 116
4 116
4 116
1 124
1 124
1 124
1 124
1 124
1 124
1 124
1 124
1 124
1 124
2 124
2 124
2 124
2 124
2 124
2 124
2 124
2 124
2 124
2 124
3 124
3 124
3 124
3 124
3 124
3 124
3 124
3 124
3 124
3 124
4 124
4 124
4 124
4 124
4 124
4 124
4 124
4 124
4 124
4 124
1 132
1 132
1 132
1 132
1 132
1 132
1 132
1 132
1 132
1 132
2 132
2 132
2 132
2 132
2 132
2 132
2 132
2 132
2 132
2 132
3 132
3 132
3 132
3 132
3 132
3 132
3 132
3 132
3 132
3 132
4 132
4 132
4 132
4 132
4 132
4 132
4 132
4 132
4 132
4 132
1 140
1 140
1 140
1 140
1 140
1 140
1 140
1 140
1 140
1 140
2 140
2 140
2 140
2 140
2 140
2 140
2 140
2 140
2 140
2 140
3 140
3 140
3 140
3 140
3 140
3 140
3 140
3 140
3 140
3 140
4 140
4 140
4 140
4 140
4 140
4 140
4 140
4 140
4 140
4 140
1 148
1 148
1 148
1 148
1 148
1 148
1 148
1 148
1 148
1 148
2 148
2 148
2 148
2 148
2 148
2 148
2 148
2 148
2 148
2 148
3 148
3 148
3 148
3 148
3 148
3 148
3 148
3 148
3 148
3 148
4 148
4 148
4 148
4 148
4 148
4 148
4 148
4 148
4 148
4 148
1 156
1 156
1 156
1 156
1 156
1 156
1 156
1 156
1 156
1 156
2 156
2 156
2 156
2 156
2 156
2 156
2 156
2 156
2 156
2 156
3 156
3 156
3 156
3 156
3 156
3 156
3 156
3 156
3 156
3 156
4 156
4 156
4 156
4 156
4 156
4 156
4 156
4 156
4 156
4 156
1 164
1 164
1 164
1 164
1 164
1 164
1 164
1 164
1 164
1 164
2 164
2 164
2 164
2 164
2 164
2 164
2 164
2 164
2 164
2 164
3 164
3 164
3 164
3 164
3 164
3 164
3 164
3 164
3 164
3 164
4 164
4 164
4 164
4 164
4 164
4 164
4 164
4 164
4 164
4 164